1 0.114063 0.020139 0.012500 0.015278
1 0.128516 0.075694 0.010156 0.018056
1 0.182812 0.112500 0.010937 0.016667
1 0.159375 0.181250 0.009375 0.018056
1 0.151953 0.242361 0.016406 0.015278
1 0.105469 0.265972 0.012500 0.015278
1 0.080078 0.305556 0.010156 0.011111
1 0.145703 0.351389 0.016406 0.016667
1 0.096484 0.397222 0.016406 0.016667
1 0.123828 0.448611 0.011719 0.013889
1 0.057031 0.511111 0.014062 0.013889
1 0.106250 0.529861 0.012500 0.015278
1 0.104297 0.578472 0.011719 0.015278
1 0.047266 0.647917 0.010156 0.012500
1 0.091406 0.704167 0.010937 0.016667
1 0.071484 0.762500 0.013281 0.013889
1 0.158984 0.780556 0.013281 0.016667
1 0.189844 0.848611 0.018750 0.019444
1 0.142188 0.916667 0.012500 0.011111
1 0.098047 0.983333 0.017969 0.022222
1 0.287891 0.979861 0.013281 0.015278
1 0.324219 0.947917 0.015625 0.015278
1 0.342969 0.865278 0.014062 0.016667
1 0.290625 0.834028 0.014062 0.015278
1 0.230859 0.756944 0.011719 0.016667
1 0.273438 0.686111 0.014062 0.016667
1 0.241406 0.641667 0.012500 0.016667
1 0.215625 0.576389 0.012500 0.013889
1 0.282422 0.543750 0.013281 0.015278
1 0.353516 0.518056 0.011719 0.016667
1 0.252344 0.540972 0.014062 0.015278
1 0.229297 0.509722 0.016406 0.019444
1 0.179297 0.468750 0.014844 0.023611
1 0.196484 0.402083 0.013281 0.018056
1 0.225391 0.346528 0.011719 0.015278
1 0.288672 0.298611 0.016406 0.019444
1 0.252344 0.258333 0.018750 0.019444
1 0.247266 0.177778 0.013281 0.022222
1 0.286719 0.118056 0.010937 0.013889
1 0.292969 0.084722 0.015625 0.016667
1 0.316016 0.022917 0.013281 0.018056
1 0.437500 0.048611 0.012500 0.019444
1 0.447266 0.115972 0.013281 0.020833
1 0.439063 0.150694 0.012500 0.018056
1 0.448047 0.216667 0.014844 0.022222
1 0.433984 0.275694 0.010156 0.015278
1 0.395312 0.286806 0.014062 0.015278
1 0.372656 0.328472 0.014062 0.018056
1 0.394922 0.363889 0.013281 0.016667
1 0.437891 0.426389 0.014844 0.016667
1 0.407813 0.468750 0.012500 0.012500
1 0.396094 0.531250 0.010937 0.012500
1 0.371094 0.598611 0.012500 0.019444
1 0.373047 0.663889 0.013281 0.011111
1 0.352734 0.729167 0.011719 0.016667
1 0.382812 0.792361 0.012500 0.015278
1 0.465234 0.832639 0.010156 0.018056
1 0.458203 0.913889 0.008594 0.016667
1 0.399609 0.965972 0.016406 0.020833
1 0.576953 0.959028 0.016406 0.018056
1 0.496875 0.897222 0.018750 0.022222
1 0.480078 0.839583 0.010156 0.015278
1 0.544531 0.785417 0.017188 0.020833
1 0.494922 0.715972 0.021094 0.020833
1 0.485156 0.647222 0.015625 0.019444
1 0.541016 0.578472 0.017969 0.018056
1 0.528906 0.521528 0.014062 0.018056
1 0.531250 0.461111 0.014062 0.022222
1 0.458203 0.400694 0.016406 0.023611
1 0.507031 0.328472 0.010937 0.018056
1 0.494141 0.290278 0.019531 0.019444
1 0.478516 0.225000 0.011719 0.022222
1 0.521875 0.171528 0.012500 0.018056
1 0.528906 0.108333 0.017188 0.016667
1 0.505859 0.062500 0.014844 0.019444
1 0.659766 0.051389 0.014844 0.016667
1 0.608203 0.081250 0.011719 0.015278
1 0.586719 0.156944 0.017188 0.019444
1 0.585547 0.209722 0.016406 0.019444
1 0.656250 0.253472 0.017188 0.023611
1 0.643750 0.329861 0.017188 0.018056
1 0.644531 0.367361 0.018750 0.018056
1 0.612891 0.441667 0.019531 0.019444
1 0.683594 0.472222 0.014062 0.016667
1 0.700781 0.529861 0.014062 0.018056
1 0.701172 0.602778 0.010156 0.011111
1 0.678906 0.640972 0.015625 0.015278
1 0.685938 0.711111 0.014062 0.016667
1 0.655078 0.780556 0.013281 0.013889
1 0.613672 0.777778 0.017969 0.019444
1 0.656641 0.827083 0.013281 0.015278
1 0.676172 0.918750 0.011719 0.018056
1 0.700781 0.871528 0.018750 0.018056
1 0.608203 0.885417 0.013281 0.015278
1 0.596484 0.955556 0.011719 0.016667
1 0.775391 0.965278 0.013281 0.019444
1 0.884766 0.968750 0.016406 0.018056
1 0.908984 0.894444 0.013281 0.013889
1 0.821484 0.832639 0.013281 0.018056
1 0.795313 0.770139 0.014062 0.015278
1 0.787500 0.698611 0.015625 0.016667
1 0.756250 0.625000 0.014062 0.016667
1 0.832422 0.575694 0.019531 0.020833
1 0.852734 0.502778 0.011719 0.016667
1 0.792578 0.441667 0.014844 0.022222
1 0.755078 0.381250 0.014844 0.015278
1 0.761328 0.349306 0.014844 0.018056
1 0.767578 0.279167 0.011719 0.019444
1 0.791406 0.222917 0.015625 0.023611
1 0.709375 0.162500 0.014062 0.019444
1 0.730078 0.145833 0.013281 0.022222
1 0.738672 0.091667 0.016406 0.019444
1 0.737500 0.026389 0.017188 0.016667
1 0.863672 0.011111 0.013281 0.013889
1 0.916797 0.084028 0.016406 0.020833
1 0.926562 0.124306 0.015625 0.018056
1 0.926172 0.186806 0.017969 0.020833
1 0.879297 0.245833 0.019531 0.019444
1 0.818359 0.295833 0.019531 0.016667
1 0.900391 0.331250 0.014844 0.018056
1 0.896875 0.398611 0.015625 0.019444
1 0.917188 0.456944 0.017188 0.019444
1 0.893359 0.515972 0.016406 0.018056
1 0.917969 0.577083 0.017188 0.020833
1 0.926562 0.624306 0.018750 0.018056
1 0.964453 0.695833 0.014844 0.016667
1 0.889063 0.750694 0.020312 0.020833
1 0.967969 0.797917 0.018750 0.018056
1 0.895312 0.856944 0.014062 0.016667
