0 0.129297 0.072917 0.055469 0.054167
0 0.169531 0.454167 0.056250 0.061111
0 0.017969 0.792361 0.035937 0.059722
0 0.117969 0.929167 0.059375 0.052778
0 0.316406 0.529861 0.050000 0.051389
0 0.299219 0.655556 0.042188 0.044444
0 0.405859 0.293056 0.050781 0.044444
0 0.495313 0.209028 0.053125 0.048611
0 0.815625 0.012500 0.046875 0.025000
0 0.867188 0.464583 0.051562 0.040278
0 0.978906 0.297222 0.037500 0.038889
0 0.516797 0.887500 0.039844 0.038889
0 0.823438 0.740278 0.040625 0.041667
