0 0.112109 0.027778 0.017969 0.016667
0 0.123047 0.081944 0.017969 0.019444
0 0.176563 0.111806 0.015625 0.023611
0 0.150000 0.179167 0.017188 0.019444
0 0.140625 0.241667 0.018750 0.022222
0 0.091797 0.265972 0.019531 0.012500
0 0.062891 0.299306 0.017969 0.015278
0 0.135937 0.348611 0.025000 0.022222
0 0.077734 0.396528 0.022656 0.020833
0 0.103125 0.445833 0.017188 0.016667
0 0.028906 0.514583 0.020312 0.020833
0 0.080859 0.531944 0.019531 0.019444
0 0.076953 0.581250 0.013281 0.015278
0 0.012109 0.659722 0.010156 0.013889
0 0.055469 0.718056 0.023438 0.019444
0 0.031641 0.786111 0.022656 0.022222
0 0.130078 0.806944 0.024219 0.027778
0 0.163672 0.885417 0.024219 0.026389
0 0.107031 0.966667 0.015625 0.019444
0 0.310937 0.994444 0.026563 0.011111
0 0.337891 0.904167 0.022656 0.022222
0 0.277734 0.865278 0.019531 0.025000
0 0.210156 0.779167 0.015625 0.019444
0 0.259766 0.698611 0.019531 0.025000
0 0.225781 0.654861 0.021875 0.023611
0 0.199219 0.579861 0.017188 0.018056
0 0.272266 0.545833 0.017969 0.013889
0 0.348437 0.518056 0.017188 0.019444
0 0.241016 0.543056 0.016406 0.019444
0 0.215625 0.511111 0.020312 0.019444
0 0.162500 0.468750 0.021875 0.020833
0 0.182812 0.397222 0.015625 0.019444
0 0.214062 0.340972 0.014062 0.012500
0 0.281250 0.294444 0.021875 0.022222
0 0.245703 0.254861 0.022656 0.020833
0 0.241016 0.178472 0.022656 0.020833
0 0.281250 0.118750 0.014062 0.015278
0 0.291016 0.089583 0.017969 0.020833
0 0.314844 0.031944 0.017188 0.016667
0 0.392188 0.011111 0.014062 0.016667
0 0.433594 0.054861 0.014062 0.018056
0 0.445312 0.120139 0.017188 0.020833
0 0.439844 0.151389 0.018750 0.022222
0 0.446094 0.215278 0.021875 0.025000
0 0.431250 0.265972 0.012500 0.015278
0 0.393359 0.281250 0.017969 0.020833
0 0.369922 0.324306 0.025781 0.020833
0 0.390234 0.358333 0.019531 0.019444
0 0.440234 0.422917 0.019531 0.020833
0 0.408203 0.464583 0.016406 0.015278
0 0.395703 0.528472 0.013281 0.015278
0 0.368750 0.603472 0.014062 0.020833
0 0.369531 0.676389 0.020312 0.022222
0 0.349609 0.745139 0.016406 0.018056
0 0.380469 0.818056 0.020312 0.022222
0 0.473828 0.863889 0.016406 0.016667
0 0.467578 0.954861 0.016406 0.023611
0 0.513672 0.943056 0.022656 0.022222
0 0.492188 0.871528 0.010937 0.015278
0 0.562500 0.806944 0.020312 0.025000
0 0.506641 0.733333 0.024219 0.025000
0 0.494141 0.653472 0.019531 0.020833
0 0.553125 0.581250 0.020312 0.020833
0 0.537500 0.520833 0.012500 0.016667
0 0.539453 0.456944 0.021094 0.025000
0 0.459375 0.395833 0.021875 0.022222
0 0.513281 0.323611 0.020312 0.013889
0 0.496094 0.284028 0.020312 0.020833
0 0.478906 0.217361 0.015625 0.023611
0 0.521484 0.168056 0.017969 0.022222
0 0.528516 0.106944 0.014844 0.019444
0 0.501562 0.068750 0.012500 0.015278
0 0.524609 0.010417 0.014844 0.015278
0 0.656250 0.057639 0.015625 0.018056
0 0.605859 0.080556 0.010156 0.019444
0 0.584375 0.156250 0.020312 0.023611
0 0.585938 0.205556 0.020312 0.019444
0 0.660547 0.247222 0.013281 0.016667
0 0.648438 0.322222 0.021875 0.016667
0 0.652344 0.361806 0.021875 0.018056
0 0.624219 0.435417 0.021875 0.015278
0 0.700000 0.465972 0.018750 0.015278
0 0.722266 0.525000 0.017969 0.019444
0 0.727344 0.604861 0.012500 0.015278
0 0.701563 0.643056 0.015625 0.019444
0 0.716797 0.718750 0.014844 0.018056
0 0.683594 0.797222 0.017188 0.016667
0 0.638672 0.798611 0.021094 0.022222
0 0.687891 0.850694 0.017969 0.018056
0 0.716016 0.959028 0.017969 0.018056
0 0.741406 0.903472 0.020312 0.023611
0 0.639844 0.920833 0.014062 0.016667
0 0.978125 0.927083 0.021875 0.023611
0 0.868359 0.857639 0.025781 0.020833
0 0.840234 0.784722 0.019531 0.019444
0 0.826953 0.704861 0.017969 0.023611
0 0.786719 0.627083 0.014062 0.020833
0 0.867969 0.572222 0.021875 0.022222
0 0.882031 0.493750 0.010937 0.015278
0 0.814453 0.434028 0.019531 0.018056
0 0.770703 0.372222 0.014844 0.019444
0 0.776172 0.341667 0.013281 0.019444
0 0.777344 0.269444 0.010937 0.016667
0 0.797656 0.217361 0.015625 0.020833
0 0.708594 0.159028 0.017188 0.020833
0 0.732422 0.146528 0.014844 0.020833
0 0.736719 0.091667 0.017188 0.019444
0 0.733203 0.033333 0.016406 0.019444
0 0.856250 0.019444 0.014062 0.019444
0 0.914062 0.086111 0.021875 0.025000
0 0.929688 0.125000 0.021875 0.019444
0 0.932422 0.181250 0.024219 0.026389
0 0.890234 0.239583 0.017969 0.020833
0 0.829687 0.288194 0.020312 0.020833
0 0.916406 0.320139 0.021875 0.020833
0 0.920703 0.384722 0.019531 0.016667
0 0.946875 0.447222 0.017188 0.016667
0 0.926562 0.505556 0.015625 0.016667
0 0.957031 0.574306 0.018750 0.023611
0 0.970703 0.622222 0.019531 0.022222
0 0.940234 0.766667 0.024219 0.019444
0 0.958203 0.885417 0.017969 0.018056
