3 0.122266 0.034722 0.011719 0.011111
3 0.133984 0.090278 0.014844 0.016667
3 0.189453 0.124306 0.013281 0.018056
3 0.162109 0.192361 0.013281 0.015278
3 0.154297 0.253472 0.019531 0.018056
3 0.104297 0.276389 0.017969 0.016667
3 0.076953 0.315972 0.013281 0.015278
3 0.147266 0.363194 0.022656 0.018056
3 0.090625 0.407639 0.028125 0.020833
3 0.118359 0.461111 0.022656 0.022222
3 0.048047 0.525000 0.021094 0.022222
3 0.097656 0.542361 0.018750 0.020833
3 0.092578 0.591667 0.014844 0.019444
3 0.032031 0.665278 0.014062 0.016667
3 0.075391 0.725000 0.019531 0.019444
3 0.051562 0.787500 0.021875 0.019444
3 0.145703 0.806944 0.021094 0.022222
3 0.176563 0.881944 0.021875 0.025000
3 0.124219 0.956250 0.018750 0.018056
3 0.317969 0.990972 0.025000 0.018056
3 0.340234 0.902083 0.021094 0.023611
3 0.285156 0.865278 0.015625 0.016667
3 0.221875 0.782639 0.014062 0.015278
3 0.268750 0.707639 0.015625 0.018056
3 0.235156 0.658333 0.020312 0.025000
3 0.208984 0.590972 0.017969 0.023611
3 0.280469 0.557639 0.018750 0.020833
3 0.355469 0.531944 0.015625 0.019444
3 0.250781 0.553472 0.017188 0.018056
3 0.226562 0.521528 0.020312 0.023611
3 0.175391 0.481944 0.017969 0.019444
3 0.193359 0.412500 0.019531 0.022222
3 0.224609 0.355556 0.016406 0.016667
3 0.290234 0.307639 0.016406 0.018056
3 0.255078 0.267361 0.016406 0.018056
3 0.251563 0.190278 0.017188 0.019444
3 0.291406 0.131250 0.012500 0.012500
3 0.300391 0.100000 0.016406 0.019444
3 0.322656 0.040278 0.015625 0.019444
3 0.401953 0.016667 0.014844 0.016667
3 0.445703 0.064583 0.016406 0.018056
3 0.453125 0.129861 0.015625 0.020833
3 0.444922 0.163194 0.014844 0.018056
3 0.453516 0.229167 0.016406 0.019444
3 0.439453 0.284028 0.011719 0.012500
3 0.400781 0.297917 0.014062 0.018056
3 0.377344 0.338889 0.015625 0.016667
3 0.397266 0.374306 0.016406 0.018056
3 0.445312 0.438889 0.017188 0.019444
3 0.411719 0.479861 0.017188 0.018056
3 0.398438 0.543056 0.017188 0.016667
3 0.372656 0.613889 0.017188 0.022222
3 0.371094 0.685417 0.020312 0.020833
3 0.351172 0.752778 0.016406 0.016667
3 0.381250 0.822917 0.017188 0.018056
3 0.468750 0.864583 0.014062 0.018056
3 0.462891 0.955556 0.013281 0.013889
3 0.503906 0.938889 0.021875 0.022222
3 0.485547 0.874306 0.014844 0.018056
3 0.556250 0.813889 0.017188 0.022222
3 0.501953 0.742361 0.024219 0.026389
3 0.492969 0.667361 0.015625 0.018056
3 0.550781 0.592361 0.018750 0.020833
3 0.537109 0.535417 0.013281 0.020833
3 0.539453 0.471528 0.017969 0.023611
3 0.463281 0.412500 0.017188 0.019444
3 0.512500 0.338889 0.009375 0.016667
3 0.500391 0.300694 0.017969 0.020833
3 0.485547 0.236111 0.011719 0.019444
3 0.528516 0.183333 0.014844 0.019444
3 0.536719 0.120833 0.014062 0.019444
3 0.511719 0.078472 0.015625 0.023611
3 0.535937 0.013194 0.017188 0.020833
3 0.666016 0.067361 0.013281 0.018056
3 0.614844 0.091667 0.014062 0.016667
3 0.592969 0.170139 0.017188 0.020833
3 0.592188 0.220139 0.018750 0.020833
3 0.665234 0.263194 0.014844 0.015278
3 0.652734 0.340972 0.017969 0.018056
3 0.654688 0.379167 0.023438 0.019444
3 0.623047 0.452778 0.019531 0.019444
3 0.696875 0.483333 0.015625 0.016667
3 0.716797 0.543056 0.017969 0.019444
3 0.716797 0.620139 0.014844 0.018056
3 0.695312 0.656944 0.020312 0.025000
3 0.705078 0.733333 0.019531 0.019444
3 0.674219 0.808333 0.015625 0.019444
3 0.628125 0.807639 0.017188 0.023611
3 0.674609 0.856944 0.016406 0.016667
3 0.697266 0.960417 0.014844 0.018056
3 0.722656 0.906250 0.020312 0.023611
3 0.624219 0.922222 0.015625 0.022222
3 0.613281 0.994444 0.020312 0.011111
3 0.947266 0.931944 0.019531 0.019444
3 0.850391 0.864583 0.016406 0.023611
3 0.821875 0.797917 0.020312 0.020833
3 0.810547 0.720833 0.021094 0.025000
3 0.774609 0.643056 0.019531 0.019444
3 0.855859 0.590972 0.016406 0.020833
3 0.874219 0.515278 0.009375 0.013889
3 0.809766 0.455556 0.013281 0.016667
3 0.769531 0.391667 0.015625 0.019444
3 0.775781 0.358333 0.015625 0.019444
3 0.780078 0.289583 0.011719 0.015278
3 0.802344 0.232639 0.017188 0.020833
3 0.718359 0.173611 0.013281 0.019444
3 0.741016 0.156944 0.014844 0.019444
3 0.745313 0.104861 0.015625 0.018056
3 0.742578 0.041667 0.016406 0.022222
3 0.869531 0.026389 0.014062 0.016667
3 0.924609 0.097917 0.016406 0.018056
3 0.937109 0.138889 0.016406 0.016667
3 0.939062 0.197917 0.017188 0.020833
3 0.894141 0.255556 0.016406 0.019444
3 0.831250 0.306250 0.018750 0.026389
3 0.919141 0.340278 0.017969 0.016667
3 0.918359 0.408333 0.016406 0.016667
3 0.939453 0.468750 0.013281 0.018056
3 0.917578 0.527778 0.014844 0.016667
3 0.944531 0.593750 0.014062 0.015278
3 0.957422 0.642361 0.016406 0.018056
3 0.996094 0.718750 0.007812 0.015278
3 0.919922 0.777778 0.021094 0.022222
3 0.930859 0.891667 0.010156 0.013889
