2 0.112500 0.057639 0.018750 0.023611
2 0.169531 0.092361 0.021875 0.020833
2 0.146484 0.164583 0.021094 0.020833
2 0.141797 0.228472 0.019531 0.018056
2 0.091797 0.252083 0.022656 0.023611
2 0.065234 0.290972 0.024219 0.023611
2 0.138672 0.337500 0.025781 0.027778
2 0.080469 0.386111 0.028125 0.022222
2 0.112109 0.437500 0.022656 0.022222
2 0.043750 0.504861 0.021875 0.018056
2 0.095703 0.525000 0.019531 0.022222
2 0.092578 0.568750 0.016406 0.020833
2 0.035937 0.643750 0.014062 0.020833
2 0.082813 0.703472 0.018750 0.020833
2 0.061719 0.763889 0.021875 0.019444
2 0.155078 0.782639 0.019531 0.020833
2 0.190625 0.852083 0.023438 0.026389
2 0.139844 0.927083 0.015625 0.018056
2 0.091406 0.991667 0.021875 0.016667
2 0.292578 0.990972 0.019531 0.018056
2 0.328125 0.956250 0.018750 0.023611
2 0.350781 0.869444 0.021875 0.025000
2 0.296094 0.836806 0.023438 0.020833
2 0.227734 0.756250 0.021094 0.023611
2 0.273828 0.681944 0.021094 0.022222
2 0.236328 0.637500 0.025781 0.025000
2 0.209766 0.567361 0.022656 0.026389
2 0.281250 0.536806 0.014062 0.018056
2 0.354688 0.507639 0.018750 0.023611
2 0.250781 0.531250 0.015625 0.020833
2 0.223438 0.500000 0.020312 0.019444
2 0.170703 0.459028 0.024219 0.020833
2 0.187891 0.388889 0.014844 0.016667
2 0.216406 0.329167 0.014062 0.022222
2 0.280859 0.281250 0.017969 0.018056
2 0.245703 0.239583 0.022656 0.020833
2 0.236719 0.158333 0.018750 0.022222
2 0.275781 0.099306 0.014062 0.012500
2 0.284375 0.065278 0.017188 0.022222
2 0.307813 0.006250 0.018750 0.009722
2 0.428906 0.026389 0.018750 0.022222
2 0.441016 0.095833 0.013281 0.022222
2 0.434766 0.131944 0.016406 0.019444
2 0.445703 0.197222 0.016406 0.022222
2 0.432422 0.254861 0.011719 0.018056
2 0.392578 0.268750 0.016406 0.018056
2 0.369141 0.311806 0.024219 0.020833
2 0.390625 0.347222 0.020312 0.025000
2 0.441016 0.411806 0.019531 0.023611
2 0.409375 0.454167 0.021875 0.019444
2 0.398828 0.519444 0.019531 0.022222
2 0.372266 0.588889 0.021094 0.022222
2 0.375000 0.658333 0.020312 0.025000
2 0.356641 0.725000 0.019531 0.022222
2 0.388281 0.793056 0.018750 0.022222
2 0.477344 0.833333 0.014062 0.022222
2 0.472656 0.918056 0.014062 0.016667
2 0.411719 0.976389 0.015625 0.022222
2 0.596094 0.965278 0.012500 0.019444
2 0.514844 0.906250 0.017188 0.026389
2 0.493359 0.843056 0.008594 0.013889
2 0.559375 0.779167 0.014062 0.019444
2 0.508203 0.714583 0.016406 0.023611
2 0.494531 0.638194 0.017188 0.020833
2 0.549219 0.565972 0.014062 0.015278
2 0.537109 0.507639 0.013281 0.015278
2 0.536719 0.447222 0.017188 0.022222
2 0.458203 0.385417 0.019531 0.023611
2 0.507812 0.311111 0.012500 0.016667
2 0.495313 0.273611 0.012500 0.016667
2 0.478906 0.204167 0.014062 0.022222
2 0.520703 0.151389 0.014844 0.025000
2 0.526953 0.086806 0.011719 0.018056
2 0.499609 0.042361 0.013281 0.023611
2 0.658594 0.029167 0.020312 0.022222
2 0.606250 0.056944 0.012500 0.016667
2 0.585938 0.135417 0.018750 0.020833
2 0.587891 0.188194 0.016406 0.018056
2 0.660937 0.232639 0.014062 0.018056
2 0.650781 0.309722 0.015625 0.022222
2 0.652344 0.350000 0.014062 0.019444
2 0.620703 0.422222 0.016406 0.016667
2 0.693750 0.456250 0.012500 0.018056
2 0.712891 0.514583 0.011719 0.015278
2 0.716406 0.590278 0.009375 0.019444
2 0.692969 0.630556 0.012500 0.013889
2 0.706250 0.702778 0.014062 0.019444
2 0.675781 0.776389 0.014062 0.016667
2 0.632031 0.777083 0.017188 0.018056
2 0.676562 0.822917 0.015625 0.012500
2 0.726172 0.870139 0.017969 0.020833
2 0.701172 0.921528 0.019531 0.020833
2 0.629297 0.886806 0.014844 0.020833
2 0.619922 0.959722 0.013281 0.022222
2 0.806250 0.970139 0.015625 0.015278
2 0.919922 0.972917 0.013281 0.018056
2 0.942187 0.893056 0.009375 0.013889
2 0.849219 0.827778 0.015625 0.019444
2 0.820312 0.763194 0.017188 0.018056
2 0.810547 0.688889 0.016406 0.022222
2 0.776563 0.616667 0.015625 0.025000
2 0.854688 0.559722 0.015625 0.019444
2 0.871484 0.481944 0.013281 0.013889
2 0.807813 0.425694 0.015625 0.015278
2 0.766406 0.363194 0.014062 0.015278
2 0.773438 0.326389 0.017188 0.016667
2 0.775781 0.259028 0.010937 0.015278
2 0.799609 0.198611 0.014844 0.022222
2 0.712891 0.140278 0.010156 0.016667
2 0.736719 0.120833 0.010937 0.013889
2 0.740625 0.070833 0.012500 0.013889
2 0.737891 0.007639 0.016406 0.015278
2 0.919141 0.059028 0.019531 0.026389
2 0.929688 0.097917 0.017188 0.026389
2 0.934375 0.163889 0.017188 0.022222
2 0.888281 0.220833 0.017188 0.019444
2 0.828516 0.274306 0.019531 0.020833
2 0.914453 0.308333 0.014844 0.019444
2 0.912500 0.377778 0.020312 0.019444
2 0.935156 0.438194 0.021875 0.018056
2 0.912891 0.497222 0.021094 0.019444
2 0.941016 0.561111 0.014844 0.019444
2 0.951563 0.608333 0.015625 0.019444
2 0.992188 0.684722 0.012500 0.022222
2 0.920703 0.743056 0.019531 0.019444
2 0.996484 0.792361 0.007031 0.023611
2 0.928125 0.852778 0.014062 0.025000
