1 0.042969 0.059028 0.050000 0.043056
1 0.069922 0.433333 0.053906 0.052778
1 0.208203 0.502083 0.039844 0.048611
1 0.294141 0.272222 0.035156 0.036111
1 0.379297 0.176389 0.046094 0.044444
1 0.739844 0.434722 0.050000 0.038889
1 0.843750 0.258333 0.035937 0.038889
1 0.010156 0.909028 0.018750 0.043056
1 0.192578 0.634722 0.042969 0.044444
1 0.390625 0.853472 0.039063 0.040278
1 0.563672 0.988889 0.046094 0.022222
1 0.688672 0.701389 0.036719 0.041667
1 0.992578 0.948611 0.014844 0.036111
