3 0.066797 0.335417 0.053906 0.051389
3 0.203125 0.406944 0.045313 0.050000
3 0.288281 0.180556 0.032812 0.036111
3 0.374609 0.095139 0.052344 0.048611
3 0.728125 0.355556 0.045313 0.044444
3 0.833594 0.188889 0.039063 0.038889
3 0.009766 0.797917 0.017969 0.045833
3 0.184375 0.534722 0.043750 0.038889
3 0.384766 0.756944 0.042969 0.038889
3 0.676562 0.613194 0.042188 0.037500
3 0.983203 0.865278 0.033594 0.036111
3 0.288281 0.918056 0.051562 0.055556
3 0.554688 0.902778 0.054688 0.050000
