2 0.053125 0.059028 0.050000 0.048611
2 0.247656 0.272917 0.054688 0.054167
2 0.389062 0.352778 0.050000 0.058333
2 0.479297 0.116667 0.050781 0.050000
2 0.564844 0.040972 0.048437 0.045833
2 0.921875 0.301389 0.048437 0.038889
2 0.076172 0.605556 0.066406 0.050000
2 0.183984 0.740972 0.058594 0.051389
2 0.367188 0.479861 0.048437 0.045833
2 0.571484 0.711111 0.041406 0.041667
2 0.869922 0.572917 0.046094 0.048611
2 0.119922 0.972222 0.052344 0.052778
2 0.471875 0.878472 0.051562 0.054167
2 0.740234 0.864583 0.050781 0.048611
